0
0.0083333333
0.016666667
0.025
0.033333333
0.041666667
0.05
0.058333333
0.066666667
0.075
0.083333333
0.091666667
0.1
0.10833333
0.11666667
0.125
0.13333333
0.14166667
0.15
0.15833333
0.16666667
0.175
0.18333333
0.19166667
0.2
0.20833333
0.21666667
0.225
0.23333333
0.24166667
0.25
0.25833333
0.26666667
0.275
0.28333333
0.29166667
0.3
0.30833333
0.31666667
0.325
0.33333333
0.34166667
0.35
0.35833333
0.36666667
0.375
0.38333333
0.39166667
0.4
0.40833333
0.41666667
0.425
0.43333333
0.44166667
0.45
0.45833333
0.46666667
0.475
0.48333333
0.49166667
0.5
0.50833333
0.51666667
0.525
0.53333333
0.54166667
0.55
0.55833333
0.56666667
0.575
0.58333333
0.59166667
0.6
0.60833333
0.61666667
0.625
0.63333333
0.64166667
0.65
0.65833333
0.66666667
0.675
0.68333333
0.69166667
0.7
0.70833333
0.71666667
0.725
0.73333333
0.74166667
0.75
0.75833333
0.76666667
0.775
0.78333333
0.79166667
0.8
0.80833333
0.81666667
0.825
0.83333333
0.84166667
0.85
0.85833333
0.86666667
0.875
0.88333333
0.89166667
0.9
0.90833333
0.91666667
0.925
0.93333333
0.94166667
0.95
0.95833333
0.96666667
0.975
0.98333333
0.99166667
1
1.0083333
1.0166667
1.025
1.0333333
1.0416667
1.05
1.0583333
1.0666667
1.075
1.0833333
1.0916667
1.1
1.1083333
1.1166667
1.125
1.1333333
1.1416667
1.15
1.1583333
1.1666667
1.175
1.1833333
1.1916667
1.2
1.2083333
1.2166667
1.225
1.2333333
1.2416667
1.25
1.2583333
1.2666667
1.275
1.2833333
1.2916667
1.3
1.3083333
1.3166667
1.325
1.3333333
1.3416667
1.35
1.3583333
1.3666667
1.375
1.3833333
1.3916667
1.4
1.4083333
1.4166667
1.425
1.4333333
1.4416667
1.45
1.4583333
1.4666667
1.475
1.4833333
1.4916667
1.5
1.5083333
1.5166667
1.525
1.5333333
1.5416667
1.55
1.5583333
1.5666667
1.575
1.5833333
1.5916667
1.6
1.6083333
1.6166667
1.625
1.6333333
1.6416667
1.65
1.6583333
1.6666667
1.675
1.6833333
1.6916667
1.7
1.7083333
1.7166667
1.725
1.7333333
1.7416667
1.75
1.7583333
1.7666667
1.775
1.7833333
1.7916667
1.8
1.8083333
1.8166667
1.825
1.8333333
1.8416667
1.85
1.8583333
1.8666667
1.875
1.8833333
1.8916667
1.9
1.9083333
1.9166667
1.925
1.9333333
1.9416667
1.95
1.9583333
1.9666667
1.975
1.9833333
1.9916667
2
2.0083333
2.0166667
2.025
2.0333333
2.0416667
2.05
2.0583333
2.0666667
2.075
2.0833333
2.0916667
2.1
2.1083333
2.1166667
2.125
2.1333333
2.1416667
2.15
2.1583333
2.1666667
2.175
2.1833333
2.1916667
2.2
2.2083333
2.2166667
2.225
2.2333333
2.2416667
2.25
2.2583333
2.2666667
2.275
2.2833333
2.2916667
2.3
2.3083333
2.3166667
2.325
2.3333333
2.3416667
2.35
2.3583333
2.3666667
2.375
2.3833333
2.3916667
2.4
2.4083333
2.4166667
2.425
2.4333333
2.4416667
2.45
2.4583333
2.4666667
2.475
2.4833333
2.4916667
2.5
2.5083333
2.5166667
2.525
2.5333333
2.5416667
2.55
2.5583333
2.5666667
2.575
2.5833333
2.5916667
2.6
2.6083333
2.6166667
2.625
2.6333333
2.6416667
2.65
2.6583333
2.6666667
2.675
2.6833333
2.6916667
2.7
2.7083333
2.7166667
2.725
2.7333333
2.7416667
2.75
2.7583333
2.7666667
2.775
2.7833333
2.7916667
2.8
2.8083333
2.8166667
2.825
2.8333333
2.8416667
2.85
2.8583333
2.8666667
2.875
2.8833333
2.8916667
2.9
2.9083333
2.9166667
2.925
2.9333333
2.9416667
2.95
2.9583333
2.9666667
2.975
2.9833333
2.9916667
3
3.0083333
3.0166667
3.025
3.0333333
3.0416667
3.05
3.0583333
3.0666667
3.075
3.0833333
3.0916667
3.1
3.1083333
3.1166667
3.125
3.1333333
3.1416667
3.15
3.1583333
3.1666667
3.175
3.1833333
3.1916667
3.2
3.2083333
3.2166667
3.225
3.2333333
3.2416667
3.25
3.2583333
3.2666667
3.275
3.2833333
3.2916667
3.3
3.3083333
3.3166667
3.325
3.3333333
3.3416667
3.35
3.3583333
3.3666667
3.375
3.3833333
3.3916667
3.4
3.4083333
3.4166667
3.425
3.4333333
3.4416667
3.45
3.4583333
3.4666667
3.475
3.4833333
3.4916667
3.5
3.5083333
3.5166667
3.525
3.5333333
3.5416667
3.55
3.5583333
3.5666667
3.575
3.5833333
3.5916667
3.6
3.6083333
3.6166667
3.625
3.6333333
3.6416667
3.65
3.6583333
3.6666667
3.675
3.6833333
3.6916667
3.7
3.7083333
3.7166667
3.725
3.7333333
3.7416667
3.75
3.7583333
3.7666667
3.775
3.7833333
3.7916667
3.8
3.8083333
3.8166667
3.825
3.8333333
3.8416667
3.85
3.8583333
3.8666667
3.875
3.8833333
3.8916667
3.9
3.9083333
3.9166667
3.925
3.9333333
3.9416667
3.95
3.9583333
3.9666667
3.975
3.9833333
3.9916667
4
4.0083333
4.0166667
4.025
4.0333333
4.0416667
4.05
4.0583333
4.0666667
4.075
4.0833333
4.0916667
4.1
4.1083333
4.1166667
4.125
4.1333333
4.1416667
4.15
4.1583333
4.1666667
4.175
4.1833333
4.1916667
4.2
4.2083333
4.2166667
4.225
4.2333333
4.2416667
4.25
4.2583333
4.2666667
4.275
4.2833333
4.2916667
4.3
4.3083333
4.3166667
4.325
4.3333333
4.3416667
4.35
4.3583333
4.3666667
4.375
4.3833333
4.3916667
4.4
4.4083333
4.4166667
4.425
4.4333333
4.4416667
4.45
4.4583333
4.4666667
4.475
4.4833333
4.4916667
4.5
4.5083333
4.5166667
4.525
4.5333333
4.5416667
4.55
4.5583333
4.5666667
4.575
4.5833333
4.5916667
4.6
4.6083333
4.6166667
4.625
4.6333333
4.6416667
4.65
4.6583333
4.6666667
4.675
4.6833333
4.6916667
4.7
4.7083333
4.7166667
4.725
4.7333333
4.7416667
4.75
4.7583333
4.7666667
4.775
4.7833333
4.7916667
4.8
4.8083333
4.8166667
4.825
4.8333333
4.8416667
4.85
4.8583333
4.8666667
4.875
4.8833333
4.8916667
4.9
4.9083333
4.9166667
4.925
4.9333333
4.9416667
4.95
4.9583333
4.9666667
4.975
4.9833333
4.9916667
5
5.0083333
5.0166667
5.025
5.0333333
5.0416667
5.05
5.0583333
5.0666667
5.075
5.0833333
5.0916667
5.1
5.1083333
5.1166667
5.125
5.1333333
5.1416667
5.15
5.1583333
5.1666667
5.175
5.1833333
5.1916667
5.2
5.2083333
5.2166667
5.225
5.2333333
5.2416667
5.25
5.2583333
5.2666667
5.275
5.2833333
5.2916667
5.3
5.3083333
5.3166667
5.325
5.3333333
5.3416667
5.35
5.3583333
5.3666667
5.375
5.3833333
5.3916667
5.4
5.4083333
5.4166667
5.425
5.4333333
5.4416667
5.45
5.4583333
5.4666667
5.475
5.4833333
5.4916667
5.5
