082507.305014
082507.305014
082535.877500
083002.537490
083002.537490
083002.537490
083002.537490
083002.537490
083002.537490
083002.537490
083002.537490
083002.537490
083007.300007
082535.877500
083007.300007
083007.300007
083007.300007
083007.300007
083007.300007
083007.300007
083007.300007
083007.300007
083007.300007
083007.300007
082535.877500
083007.300007
083007.300007
083007.300007
083007.300007
083007.300007
083012.059990
083012.059990
083012.059990
083012.059990
083012.059990
082535.877500
083012.059990
083012.059990
083012.059990
083012.059990
083012.059990
083012.059990
083012.059990
083012.059990
083012.059990
083012.059990
082535.877500
083012.059990
082535.877500
082535.877500
082535.877500
082535.877500
082535.877500
082507.305014
082535.877500
082535.877500
082535.877500
082540.640017
082540.640017
082540.640017
082540.640017
082540.640017
082540.640017
082540.640017
082507.305014
082540.640017
082540.640017
082540.640017
082540.640017
082540.640017
082540.640017
082540.640017
082540.640017
082540.640017
082545.400000
082507.305014
082545.400000
082545.400000
082545.400000
082545.400000
082545.400000
082545.400000
082545.400000
082545.400000
082545.400000
082545.400000
082507.305014
082545.400000
082545.400000
082545.400000
082545.400000
082545.400000
082550.162517
082550.162517
082550.162517
082550.162517
082550.162517
082507.305014
082550.162517
082550.162517
082550.162517
082550.162517
082550.162517
082550.162517
082550.162517
082550.162517
082550.162517
082550.162517
082507.305014
082550.162517
082554.924993
082554.924993
082554.924993
082554.924993
082554.924993
082554.924993
082554.924993
082554.924993
082554.924993
082512.067491
082554.924993
082554.924993
082554.924993
082554.924993
082554.924993
082554.924993
082554.924993
082559.685016
082559.685016
082559.685016
082512.067491
082559.685016
082559.685016
082559.685016
082559.685016
082559.685016
082559.685016
082559.685016
082559.685016
082559.685016
082559.685016
082512.067491
082559.685016
082559.685016
082559.685016
082604.447492
082604.447492
082604.447492
082604.447492
082604.447492
082604.447492
082604.447492
082507.305014
082512.067491
082604.447492
082604.447492
082604.447492
082604.447492
082604.447492
082604.447492
082604.447492
082604.447492
082604.447492
082609.210009
082512.067491
082609.210009
082609.210009
082609.210009
082609.210009
082609.210009
082609.210009
082609.210009
082609.210009
082609.210009
082609.210009
082512.067491
082609.210009
082609.210009
082609.210009
082609.210009
082609.210009
082613.972486
082613.972486
082613.972486
082613.972486
082613.972486
082512.067491
082613.972486
082613.972486
082613.972486
082613.972486
082613.972486
082613.972486
082613.972486
082613.972486
082613.972486
082613.972486
082512.067491
082613.972486
082618.732508
082618.732508
082618.732508
082618.732508
082618.732508
082618.732508
082618.732508
082618.732508
082618.732508
082512.067491
082618.732508
082618.732508
082618.732508
082618.732508
082618.732508
082618.732508
082618.732508
082623.494985
082623.494985
082623.494985
082512.067491
082623.494985
082623.494985
082623.494985
082623.494985
082623.494985
082623.494985
082623.494985
082623.494985
082623.494985
082623.494985
082512.067491
082623.494985
082623.494985
082623.494985
082628.257502
082628.257502
082628.257502
082628.257502
082628.257502
082628.257502
082628.257502
082512.067491
082628.257502
082628.257502
082628.257502
082628.257502
082628.257502
082628.257502
082628.257502
082628.257502
082628.257502
082633.017484
082512.067491
082633.017484
082633.017484
082633.017484
082633.017484
082633.017484
082633.017484
082633.017484
082633.017484
082633.017484
082633.017484
082507.305014
082512.067491
082633.017484
082633.017484
082633.017484
082633.017484
082633.017484
082637.780001
082637.780001
082637.780001
082637.780001
082637.780001
082512.067491
082637.780001
082637.780001
082637.780001
082637.780001
082637.780001
082637.780001
082637.780001
082637.780001
082637.780001
082637.780001
082512.067491
082637.780001
082642.542518
082642.542518
082642.542518
082642.542518
082642.542518
082642.542518
082642.542518
082642.542518
082642.542518
082516.830008
082642.542518
082642.542518
082642.542518
082642.542518
082642.542518
082642.542518
082642.542518
082647.304995
082647.304995
082647.304995
082516.830008
082647.304995
082647.304995
082647.304995
082647.304995
082647.304995
082647.304995
082647.304995
082647.304995
082647.304995
082647.304995
082516.830008
082647.304995
082647.304995
082647.304995
082652.065017
082652.065017
082652.065017
082652.065017
082652.065017
082652.065017
082652.065017
082516.830008
082652.065017
082652.065017
082652.065017
082652.065017
082652.065017
082652.065017
082652.065017
082652.065017
082652.065017
082656.827494
082516.830008
082656.827494
082656.827494
082656.827494
082656.827494
082656.827494
082656.827494
082656.827494
082656.827494
082656.827494
082656.827494
082516.830008
082656.827494
082656.827494
082656.827494
082656.827494
082656.827494
082701.590011
082701.590011
082701.590011
082701.590011
082701.590011
082516.830008
082701.590011
082701.590011
082701.590011
082701.590011
082701.590011
082701.590011
082701.590011
082701.590011
082701.590011
082701.590011
082507.305014
082516.830008
082701.590011
082706.349993
082706.349993
082706.349993
082706.349993
082706.349993
082706.349993
082706.349993
082706.349993
082706.349993
082516.830008
082706.349993
082706.349993
082706.349993
082706.349993
082706.349993
082706.349993
082706.349993
082711.112510
082711.112510
082711.112510
082516.830008
082711.112510
082711.112510
082711.112510
082711.112510
082711.112510
082711.112510
082711.112510
082711.112510
082711.112510
082711.112510
082516.830008
082711.112510
082711.112510
082711.112510
082715.874987
082715.874987
082715.874987
082715.874987
082715.874987
082715.874987
082715.874987
082516.830008
082715.874987
082715.874987
082715.874987
082715.874987
082715.874987
082715.874987
082715.874987
082715.874987
082715.874987
082720.637504
082516.830008
082720.637504
082720.637504
082720.637504
082720.637504
082720.637504
082720.637504
082720.637504
082720.637504
082720.637504
082720.637504
082516.830008
082720.637504
082720.637504
082720.637504
082720.637504
082720.637504
082725.397486
082725.397486
082725.397486
082725.397486
082725.397486
082516.830008
082725.397486
082725.397486
082725.397486
082725.397486
082725.397486
082725.397486
082725.397486
082725.397486
082725.397486
082725.397486
082516.830008
082725.397486
082730.160003
082730.160003
082730.160003
082730.160003
082730.160003
082730.160003
082730.160003
082730.160003
082730.160003
082521.592484
082730.160003
082730.160003
082730.160003
082730.160003
082730.160003
082730.160003
082730.160003
082734.922520
082734.922520
082734.922520
082507.305014
082521.592484
082734.922520
082734.922520
082734.922520
082734.922520
082734.922520
082734.922520
082734.922520
082734.922520
082734.922520
082734.922520
082521.592484
082734.922520
082734.922520
082734.922520
082739.682502
082739.682502
082739.682502
082739.682502
082739.682502
082739.682502
082739.682502
082521.592484
082739.682502
082739.682502
082739.682502
082739.682502
082739.682502
082739.682502
082739.682502
082739.682502
082739.682502
082744.445019
082521.592484
082744.445019
082744.445019
082744.445019
082744.445019
082744.445019
082744.445019
082744.445019
082744.445019
082744.445019
082744.445019
082521.592484
082744.445019
082744.445019
082744.445019
082744.445019
082744.445019
082749.207495
082749.207495
082749.207495
082749.207495
082749.207495
082521.592484
082749.207495
082749.207495
082749.207495
082749.207495
082749.207495
082749.207495
082749.207495
082749.207495
082749.207495
082749.207495
082521.592484
082749.207495
082753.970012
082753.970012
082753.970012
082753.970012
082753.970012
082753.970012
082753.970012
082753.970012
082753.970012
082521.592484
082753.970012
082753.970012
082753.970012
082753.970012
082753.970012
082753.970012
082753.970012
082758.729995
082758.729995
082758.729995
082521.592484
082758.729995
082758.729995
082758.729995
082758.729995
082758.729995
082758.729995
082758.729995
082758.729995
082758.729995
082758.729995
082521.592484
082758.729995
082758.729995
082758.729995
082803.492512
082803.492512
082803.492512
082803.492512
082803.492512
082803.492512
082803.492512
082507.305014
082521.592484
082803.492512
082803.492512
082803.492512
082803.492512
082803.492512
082803.492512
082803.492512
082803.492512
082803.492512
082808.254988
082521.592484
082808.254988
082808.254988
082808.254988
082808.254988
082808.254988
082808.254988
082808.254988
082808.254988
082808.254988
082808.254988
082521.592484
082808.254988
082808.254988
082808.254988
082808.254988
082808.254988
082813.015011
082813.015011
082813.015011
082813.015011
082813.015011
082521.592484
082813.015011
082813.015011
082813.015011
082813.015011
082813.015011
082813.015011
082813.015011
082813.015011
082813.015011
082813.015011
082521.592484
082813.015011
082817.777487
082817.777487
082817.777487
082817.777487
082817.777487
082817.777487
082817.777487
082817.777487
082817.777487
082526.352507
082817.777487
082817.777487
082817.777487
082817.777487
082817.777487
082817.777487
082817.777487
082822.540004
082822.540004
082822.540004
082526.352507
082822.540004
082822.540004
082822.540004
082822.540004
082822.540004
082822.540004
082822.540004
082822.540004
082822.540004
082822.540004
082526.352507
082822.540004
082822.540004
082822.540004
082827.302481
082827.302481
082827.302481
082827.302481
082827.302481
082827.302481
082827.302481
082526.352507
082827.302481
082827.302481
082827.302481
082827.302481
082827.302481
082827.302481
082827.302481
082827.302481
082827.302481
082832.062503
082526.352507
082832.062503
082832.062503
082832.062503
082832.062503
082832.062503
082832.062503
082832.062503
082832.062503
082832.062503
082832.062503
082507.305014
082526.352507
082832.062503
082832.062503
082832.062503
082832.062503
082832.062503
082836.824980
082836.824980
082836.824980
082836.824980
082836.824980
082526.352507
082836.824980
082836.824980
082836.824980
082836.824980
082836.824980
082836.824980
082836.824980
082836.824980
082836.824980
082836.824980
082526.352507
082836.824980
082841.587497
082841.587497
082841.587497
082841.587497
082841.587497
082841.587497
082841.587497
082841.587497
082841.587497
082526.352507
082841.587497
082841.587497
082841.587497
082841.587497
082841.587497
082841.587497
082841.587497
082846.347519
082846.347519
082846.347519
082526.352507
082846.347519
082846.347519
082846.347519
082846.347519
082846.347519
082846.347519
082846.347519
082846.347519
082846.347519
082846.347519
082526.352507
082846.347519
082846.347519
082846.347519
082851.109996
082851.109996
082851.109996
082851.109996
082851.109996
082851.109996
082851.109996
082526.352507
082851.109996
082851.109996
082851.109996
082851.109996
082851.109996
082851.109996
082851.109996
082851.109996
082851.109996
082855.872513
082526.352507
082855.872513
082855.872513
082855.872513
082855.872513
082855.872513
082855.872513
082855.872513
082855.872513
082855.872513
082855.872513
082526.352507
082855.872513
082855.872513
082855.872513
082855.872513
082855.872513
082900.634990
082900.634990
082900.634990
082900.634990
082900.634990
082526.352507
082900.634990
082900.634990
082900.634990
082900.634990
082900.634990
082900.634990
082900.634990
082900.634990
082900.634990
082900.634990
082507.305014
082526.352507
082900.634990
082905.395012
082905.395012
082905.395012
082905.395012
082905.395012
082905.395012
082905.395012
082905.395012
082905.395012
082531.114984
082905.395012
082905.395012
082905.395012
082905.395012
082905.395012
082905.395012
082905.395012
082910.157489
082910.157489
082910.157489
082531.114984
082910.157489
082910.157489
082910.157489
082910.157489
082910.157489
082910.157489
082910.157489
082910.157489
082910.157489
082910.157489
082531.114984
082910.157489
082910.157489
082910.157489
082914.920006
082914.920006
082914.920006
082914.920006
082914.920006
082914.920006
082914.920006
082531.114984
082914.920006
082914.920006
082914.920006
082914.920006
082914.920006
082914.920006
082914.920006
082914.920006
082914.920006
082919.679988
082531.114984
082919.679988
082919.679988
082919.679988
082919.679988
082919.679988
082919.679988
082919.679988
082919.679988
082919.679988
082919.679988
082531.114984
082919.679988
082919.679988
082919.679988
082919.679988
082919.679988
082924.442505
082924.442505
082924.442505
082924.442505
082924.442505
082531.114984
082924.442505
082924.442505
082924.442505
082924.442505
082924.442505
082924.442505
082924.442505
082924.442505
082924.442505
082924.442505
082531.114984
082924.442505
082929.204982
082929.204982
082929.204982
082929.204982
082929.204982
082929.204982
082929.204982
082929.204982
082929.204982
082531.114984
082929.204982
082929.204982
082929.204982
082929.204982
082929.204982
082929.204982
082929.204982
082933.967499
082933.967499
082933.967499
082507.305014
082531.114984
082933.967499
082933.967499
082933.967499
082933.967499
082933.967499
082933.967499
082933.967499
082933.967499
082933.967499
082933.967499
082531.114984
082933.967499
082933.967499
082933.967499
082938.727481
082938.727481
082938.727481
082938.727481
082938.727481
082938.727481
082938.727481
082531.114984
082938.727481
082938.727481
082938.727481
082938.727481
082938.727481
082938.727481
082938.727481
082938.727481
082938.727481
082943.489998
082531.114984
082943.489998
082943.489998
082943.489998
082943.489998
082943.489998
082943.489998
082943.489998
082943.489998
082943.489998
082943.489998
082531.114984
082943.489998
082943.489998
082943.489998
082943.489998
082943.489998
082948.252515
082948.252515
082948.252515
082948.252515
082948.252515
082531.114984
082948.252515
082948.252515
082948.252515
082948.252515
082948.252515
082948.252515
082948.252515
082948.252515
082948.252515
082948.252515
082531.114984
082948.252515
082953.012497
082953.012497
082953.012497
082953.012497
082953.012497
082953.012497
082953.012497
082953.012497
082953.012497
082535.877500
082953.012497
082953.012497
082953.012497
082953.012497
082953.012497
082953.012497
082953.012497
082957.775014
082957.775014
082957.775014
082535.877500
082957.775014
082957.775014
082957.775014
082957.775014
082957.775014
082957.775014
082957.775014
082957.775014
082957.775014
082957.775014
082535.877500
082957.775014
082957.775014
082957.775014
083002.537490
083002.537490
083002.537490
083002.537490
083002.537490
083002.537490
083002.537490
